    0 | 5.00e-01 0.00e+00 |  0.0000e+00  0.0000e+00 0.00e+00 | 205.6 | 1.0e+02 
   50 | 7.94e-03 1.65e-03 |  0.0000e+00  2.6511e-03 2.64e-03 | 212.5 | 3.1e+00 
  100 | 2.08e-03 5.78e-03 |  0.0000e+00  8.2042e-03 8.14e-03 | 218.7 | 7.8e-01 
  150 | 8.56e-04 1.43e-03 |  0.0000e+00  8.2483e-04 8.24e-04 | 224.7 | 3.9e-01 
  200 | 4.50e-04 5.24e-04 |  0.0000e+00  3.4460e-04 3.44e-04 | 230.7 | 7.8e-01 
  300 | 1.70e-04 2.17e-04 |  0.0000e+00  6.9636e-05 6.96e-05 | 240.8 | 7.8e-01 
  400 | 9.12e-05 1.13e-04 |  0.0000e+00  2.6737e-05 2.67e-05 | 250.6 | 7.8e-01 
  500 | 9.32e-05 6.63e-05 |  0.0000e+00  1.8378e-05 1.84e-05 | 262.1 | 1.6e+00 
  600 | 5.11e-05 5.58e-05 |  0.0000e+00  1.4372e-05 1.44e-05 | 277.9 | 1.6e+00 
  700 | 2.10e-05 3.72e-05 |  0.0000e+00  1.0379e-05 1.04e-05 | 297.5 | 7.8e-01 
  800 | 1.97e-05 2.13e-05 |  0.0000e+00  6.8652e-06 6.87e-06 | 320.0 | 1.6e+00 
  900 | 1.25e-05 1.72e-05 |  0.0000e+00  5.1381e-06 5.14e-06 | 342.6 | 3.9e-01 
 1000 | 1.67e-05 1.14e-05 |  0.0000e+00  4.2699e-06 4.27e-06 | 356.9 | 1.6e+00 
 1100 | 4.71e-06 1.36e-05 |  0.0000e+00  5.8072e-06 5.81e-06 | 364.9 | 3.9e-01 
 1200 | 1.17e-05 8.80e-06 |  0.0000e+00  4.6649e-06 4.66e-06 | 372.4 | 1.6e+00 
 1300 | 8.82e-06 7.80e-06 |  0.0000e+00  3.8189e-06 3.82e-06 | 380.2 | 7.8e-01 
 1400 | 1.95e-06 8.86e-06 |  0.0000e+00  3.2736e-06 3.27e-06 | 389.5 | 7.8e-01 
 1500 | 1.67e-05 6.18e-06 |  0.0000e+00  2.8550e-06 2.85e-06 | 398.7 | 3.1e+00 
 1600 | 1.06e-05 7.06e-06 |  0.0000e+00  3.3654e-06 3.37e-06 | 408.2 | 7.8e-01 
 1700 | 2.42e-06 7.61e-06 |  0.0000e+00  3.2611e-06 3.26e-06 | 417.3 | 7.8e-01 
 1800 | 1.27e-05 5.29e-06 |  0.0000e+00  2.3659e-06 2.37e-06 | 426.8 | 3.1e+00 
 1900 | 8.37e-06 5.50e-06 |  0.0000e+00  2.0404e-06 2.04e-06 | 436.2 | 7.8e-01 
 2000 | 1.35e-06 6.33e-06 |  0.0000e+00  1.7587e-06 1.76e-06 | 445.3 | 7.8e-01 
 2100 | 1.14e-05 4.49e-06 |  0.0000e+00  1.4399e-06 1.44e-06 | 454.9 | 3.1e+00 
 2200 | 9.24e-06 4.49e-06 |  0.0000e+00  1.9955e-06 2.00e-06 | 464.2 | 7.8e-01 
 2300 | 1.71e-06 5.78e-06 |  0.0000e+00  2.2242e-06 2.22e-06 | 473.7 | 7.8e-01 
 2400 | 9.18e-06 3.98e-06 |  0.0000e+00  1.5607e-06 1.56e-06 | 483.2 | 3.1e+00 
 2500 | 7.21e-06 3.83e-06 |  0.0000e+00  1.3258e-06 1.33e-06 | 492.6 | 7.8e-01 
 2600 | 8.83e-07 4.59e-06 |  0.0000e+00  1.1608e-06 1.16e-06 | 502.6 | 7.8e-01 
 2700 | 6.82e-06 3.38e-06 |  0.0000e+00  9.6083e-07 9.61e-07 | 512.0 | 3.1e+00 
 2800 | 6.27e-06 2.86e-06 |  0.0000e+00  1.1400e-06 1.14e-06 | 521.7 | 7.8e-01 
 2900 | 9.01e-07 4.61e-06 |  0.0000e+00  1.4933e-06 1.49e-06 | 531.5 | 3.9e-01 
 3000 | 3.23e-06 3.43e-06 |  0.0000e+00  1.2149e-06 1.21e-06 | 540.7 | 1.6e+00 
 3100 | 6.80e-06 2.52e-06 |  0.0000e+00  9.9805e-07 9.98e-07 | 549.8 | 1.6e+00 
 3200 | 2.72e-06 4.02e-06 |  0.0000e+00  9.6234e-07 9.62e-07 | 559.0 | 3.9e-01 
 3300 | 4.72e-07 3.42e-06 |  0.0000e+00  8.3896e-07 8.39e-07 | 568.5 | 7.8e-01 
 3400 | 5.05e-06 2.65e-06 |  0.0000e+00  7.0337e-07 7.03e-07 | 577.9 | 3.1e+00 
 3500 | 4.89e-06 2.20e-06 |  0.0000e+00  7.7618e-07 7.76e-07 | 587.6 | 7.8e-01 
 3600 | 7.33e-07 4.01e-06 |  0.0000e+00  1.0640e-06 1.06e-06 | 597.5 | 2.0e-01 
 3700 | 9.33e-07 3.07e-06 |  0.0000e+00  9.6675e-07 9.67e-07 | 607.1 | 7.8e-01 
 3800 | 4.99e-06 2.31e-06 |  0.0000e+00  7.7606e-07 7.76e-07 | 616.9 | 3.1e+00 
 3900 | 4.55e-06 2.07e-06 |  0.0000e+00  7.1762e-07 7.18e-07 | 626.5 | 7.8e-01 
 4000 | 5.62e-07 3.67e-06 |  0.0000e+00  6.5645e-07 6.56e-07 | 636.5 | 2.0e-01 
 4100 | 3.68e-07 2.58e-06 |  0.0000e+00  6.2659e-07 6.27e-07 | 646.0 | 7.8e-01 
 4200 | 3.55e-06 2.09e-06 |  0.0000e+00  5.4874e-07 5.49e-07 | 655.5 | 3.1e+00 
 4300 | 3.61e-06 1.69e-06 |  0.0000e+00  5.6356e-07 5.64e-07 | 665.0 | 7.8e-01 
 4400 | 8.75e-07 2.96e-06 |  0.0000e+00  7.4633e-07 7.46e-07 | 674.4 | 2.0e-01 
 4500 | 5.73e-07 2.41e-06 |  0.0000e+00  6.9894e-07 6.99e-07 | 683.8 | 7.8e-01 
 4600 | 3.73e-06 1.88e-06 |  0.0000e+00  5.9006e-07 5.90e-07 | 693.4 | 3.1e+00 
 4700 | 3.55e-06 1.62e-06 |  0.0000e+00  5.5693e-07 5.57e-07 | 702.8 | 7.8e-01 
 4800 | 9.65e-07 2.79e-06 |  0.0000e+00  5.5038e-07 5.50e-07 | 713.0 | 2.0e-01 
 4900 | 3.08e-07 2.12e-06 |  0.0000e+00  4.8200e-07 4.82e-07 | 722.3 | 7.8e-01 
 5000 | 2.81e-06 1.74e-06 |  0.0000e+00  4.3138e-07 4.31e-07 | 732.0 | 3.1e+00 
 5100 | 3.32e-06 1.37e-06 |  0.0000e+00  4.3109e-07 4.31e-07 | 741.6 | 1.6e+00 
 5200 | 3.14e-06 1.26e-06 |  0.0000e+00  4.5914e-07 4.59e-07 | 750.4 | 1.6e+00 
 5300 | 1.61e-06 1.62e-06 |  0.0000e+00  5.2377e-07 5.24e-07 | 760.3 | 7.8e-01 
 5400 | 5.72e-07 1.68e-06 |  0.0000e+00  5.2580e-07 5.26e-07 | 769.2 | 7.8e-01 
 5500 | 4.49e-07 1.59e-06 |  0.0000e+00  4.9663e-07 4.97e-07 | 776.8 | 7.8e-01 
 5600 | 7.74e-07 1.44e-06 |  0.0000e+00  4.7734e-07 4.77e-07 | 783.9 | 7.8e-01 
 5700 | 1.45e-06 1.28e-06 |  0.0000e+00  4.4884e-07 4.49e-07 | 790.8 | 1.6e+00 
 5800 | 1.89e-06 1.13e-06 |  0.0000e+00  4.2115e-07 4.21e-07 | 797.8 | 1.6e+00 
 5900 | 1.53e-06 1.19e-06 |  0.0000e+00  3.8804e-07 3.88e-07 | 804.7 | 7.8e-01 
 6000 | 7.88e-07 1.32e-06 |  0.0000e+00  3.6023e-07 3.60e-07 | 811.7 | 7.8e-01 
 6100 | 4.20e-07 1.31e-06 |  0.0000e+00  3.3366e-07 3.34e-07 | 818.9 | 7.8e-01 
 6200 | 5.14e-07 1.23e-06 |  0.0000e+00  3.2001e-07 3.20e-07 | 826.1 | 7.8e-01 
 6300 | 1.20e-06 1.10e-06 |  0.0000e+00  3.1185e-07 3.12e-07 | 833.2 | 1.6e+00 
 6400 | 1.57e-06 9.79e-07 |  0.0000e+00  3.1372e-07 3.14e-07 | 840.3 | 1.6e+00 
 6500 | 1.33e-06 9.94e-07 |  0.0000e+00  3.3878e-07 3.39e-07 | 847.2 | 7.8e-01 
 6600 | 8.77e-07 1.14e-06 |  0.0000e+00  3.5874e-07 3.59e-07 | 854.3 | 7.8e-01 
 6700 | 3.25e-07 1.18e-06 |  0.0000e+00  3.6492e-07 3.65e-07 | 861.3 | 7.8e-01 
 6800 | 4.36e-07 1.12e-06 |  0.0000e+00  3.5928e-07 3.59e-07 | 868.2 | 7.8e-01 
 6900 | 1.04e-06 1.02e-06 |  0.0000e+00  3.4099e-07 3.41e-07 | 875.2 | 1.6e+00 
 7000 | 1.44e-06 9.03e-07 |  0.0000e+00  3.2382e-07 3.24e-07 | 882.2 | 1.6e+00 
 7100 | 1.27e-06 8.90e-07 |  0.0000e+00  3.0572e-07 3.06e-07 | 889.3 | 7.8e-01 
 7200 | 7.71e-07 1.02e-06 |  0.0000e+00  2.8746e-07 2.87e-07 | 896.3 | 7.8e-01 
 7300 | 2.97e-07 1.19e-06 |  0.0000e+00  2.5475e-07 2.55e-07 | 903.3 | 3.9e-01 
 7400 | 1.49e-07 1.14e-06 |  0.0000e+00  2.4794e-07 2.48e-07 | 910.5 | 3.9e-01 
 7500 | 3.68e-07 1.07e-06 |  0.0000e+00  2.4154e-07 2.42e-07 | 917.6 | 7.8e-01 
 7600 | 6.06e-07 9.67e-07 |  0.0000e+00  2.3967e-07 2.40e-07 | 924.5 | 7.8e-01 
 7700 | 1.07e-06 8.75e-07 |  0.0000e+00  2.3855e-07 2.39e-07 | 931.7 | 1.6e+00 
 7800 | 1.32e-06 7.89e-07 |  0.0000e+00  2.4287e-07 2.43e-07 | 939.0 | 1.6e+00 
 7900 | 1.16e-06 7.99e-07 |  0.0000e+00  2.6376e-07 2.64e-07 | 946.2 | 7.8e-01 
 8000 | 7.53e-07 9.22e-07 |  0.0000e+00  2.8062e-07 2.81e-07 | 953.4 | 7.8e-01 
 8100 | 2.55e-07 1.03e-06 |  0.0000e+00  2.9587e-07 2.96e-07 | 960.7 | 3.9e-01 
 8200 | 1.37e-07 1.02e-06 |  0.0000e+00  2.9478e-07 2.95e-07 | 969.6 | 3.9e-01 
 8300 | 3.71e-07 9.49e-07 |  0.0000e+00  2.8286e-07 2.83e-07 | 979.1 | 7.8e-01 
 8400 | 5.49e-07 8.63e-07 |  0.0000e+00  2.7398e-07 2.74e-07 | 988.6 | 7.8e-01 
 8500 | 8.55e-07 7.94e-07 |  0.0000e+00  2.6198e-07 2.62e-07 | 997.9 | 1.6e+00 
 8600 | 1.06e-06 7.28e-07 |  0.0000e+00  2.5030e-07 2.50e-07 | 1007.4 | 1.6e+00 
 8700 | 9.56e-07 7.24e-07 |  0.0000e+00  2.3612e-07 2.36e-07 | 1016.9 | 7.8e-01 
 8800 | 6.39e-07 8.02e-07 |  0.0000e+00  2.2205e-07 2.22e-07 | 1026.2 | 7.8e-01 
 8900 | 3.64e-07 9.18e-07 |  0.0000e+00  1.9863e-07 1.99e-07 | 1036.0 | 3.9e-01 
 9000 | 1.15e-07 9.06e-07 |  0.0000e+00  1.9449e-07 1.94e-07 | 1045.2 | 3.9e-01 
 9100 | 2.21e-07 8.59e-07 |  0.0000e+00  1.9045e-07 1.90e-07 | 1055.1 | 7.8e-01 
 9200 | 3.79e-07 8.01e-07 |  0.0000e+00  1.8742e-07 1.87e-07 | 1065.1 | 7.8e-01 
 9300 | 7.67e-07 7.37e-07 |  0.0000e+00  1.8426e-07 1.84e-07 | 1074.3 | 1.6e+00 
 9400 | 1.02e-06 6.68e-07 |  0.0000e+00  1.8466e-07 1.85e-07 | 1084.2 | 1.6e+00 
 9500 | 1.10e-06 6.24e-07 |  0.0000e+00  1.8886e-07 1.89e-07 | 1093.7 | 1.6e+00 
 9600 | 1.03e-06 6.16e-07 |  0.0000e+00  1.9455e-07 1.95e-07 | 1103.4 | 1.6e+00 
 9700 | 7.87e-07 7.02e-07 |  0.0000e+00  2.0924e-07 2.09e-07 | 1113.5 | 7.8e-01 
 9800 | 3.63e-07 7.43e-07 |  0.0000e+00  2.1799e-07 2.18e-07 | 1123.0 | 7.8e-01 
 9900 | 3.44e-07 7.16e-07 |  0.0000e+00  2.0931e-07 2.09e-07 | 1132.6 | 1.6e+00 
 10000 | 5.54e-07 6.71e-07 |  0.0000e+00  2.0231e-07 2.02e-07 | 1142.1 | 1.6e+00 
 10100 | 1.14e-06 6.15e-07 |  0.0000e+00  1.8992e-07 1.90e-07 | 1151.5 | 3.1e+00 
 10200 | 1.54e-06 5.58e-07 |  0.0000e+00  1.7849e-07 1.78e-07 | 1161.1 | 3.1e+00 
 10300 | 1.65e-06 5.22e-07 |  0.0000e+00  1.6811e-07 1.68e-07 | 1171.1 | 3.1e+00 
 10400 | 1.54e-06 5.08e-07 |  0.0000e+00  1.5909e-07 1.59e-07 | 1180.9 | 3.1e+00 
 10500 | 1.29e-06 5.07e-07 |  0.0000e+00  1.5076e-07 1.51e-07 | 1190.4 | 3.1e+00 
 10600 | 9.85e-07 5.07e-07 |  0.0000e+00  1.4223e-07 1.42e-07 | 1200.0 | 3.1e+00 
 10700 | 7.64e-07 5.00e-07 |  0.0000e+00  1.3336e-07 1.33e-07 | 1209.5 | 3.1e+00 
 10800 | 7.39e-07 4.83e-07 |  0.0000e+00  1.2438e-07 1.24e-07 | 1219.1 | 3.1e+00 
 10900 | 8.46e-07 4.58e-07 |  0.0000e+00  1.1625e-07 1.16e-07 | 1229.2 | 3.1e+00 
 11000 | 9.35e-07 4.35e-07 |  0.0000e+00  1.0951e-07 1.10e-07 | 1238.5 | 3.1e+00 
 11100 | 8.68e-07 4.31e-07 |  0.0000e+00  1.0418e-07 1.04e-07 | 1248.5 | 1.6e+00 
 11200 | 7.22e-07 4.46e-07 |  0.0000e+00  1.0120e-07 1.01e-07 | 1258.7 | 1.6e+00 
 11300 | 5.45e-07 4.62e-07 |  0.0000e+00  1.0021e-07 1.00e-07 | 1268.0 | 1.6e+00 
 11400 | 3.99e-07 4.58e-07 |  0.0000e+00  1.0135e-07 1.01e-07 | 1277.3 | 1.6e+00 
 11500 | 3.86e-07 4.48e-07 |  0.0000e+00  1.0265e-07 1.03e-07 | 1286.6 | 1.6e+00 
 11600 | 4.47e-07 4.28e-07 |  0.0000e+00  1.0460e-07 1.05e-07 | 1296.0 | 1.6e+00 
 11700 | 5.31e-07 4.04e-07 |  0.0000e+00  1.0654e-07 1.07e-07 | 1305.7 | 1.6e+00 
 11800 | 5.79e-07 3.84e-07 |  0.0000e+00  1.0873e-07 1.09e-07 | 1315.3 | 1.6e+00 
 11900 | 5.78e-07 3.74e-07 |  0.0000e+00  1.1037e-07 1.10e-07 | 1322.8 | 1.6e+00 
 12000 | 5.29e-07 3.74e-07 |  0.0000e+00  1.1100e-07 1.11e-07 | 1330.0 | 1.6e+00 
 12100 | 3.63e-07 4.11e-07 |  0.0000e+00  1.1289e-07 1.13e-07 | 1337.7 | 7.8e-01 
 12200 | 2.73e-07 4.14e-07 |  0.0000e+00  1.1220e-07 1.12e-07 | 1347.7 | 7.8e-01 
 12300 | 1.97e-07 4.22e-07 |  0.0000e+00  1.0922e-07 1.09e-07 | 1356.8 | 7.8e-01 
 12400 | 1.42e-07 4.20e-07 |  0.0000e+00  1.0594e-07 1.06e-07 | 1366.1 | 7.8e-01 
 12500 | 1.63e-07 4.08e-07 |  0.0000e+00  1.0301e-07 1.03e-07 | 1375.8 | 7.8e-01 
 12600 | 1.88e-07 3.95e-07 |  0.0000e+00  9.9960e-08 1.00e-07 | 1385.1 | 7.8e-01 
 12700 | 2.12e-07 3.80e-07 |  0.0000e+00  9.7074e-08 9.71e-08 | 1394.5 | 7.8e-01 
 12800 | 2.32e-07 3.65e-07 |  0.0000e+00  9.4603e-08 9.46e-08 | 1403.7 | 7.8e-01 
 12900 | 2.42e-07 3.53e-07 |  0.0000e+00  9.2298e-08 9.23e-08 | 1413.3 | 7.8e-01 
