    0 | 5.00e-01 0.00e+00 |  0.0000e+00  0.0000e+00 0.00e+00 | 111.4 | 1.0e+02 
   50 | 7.94e-03 1.65e-03 |  0.0000e+00  2.6511e-03 2.64e-03 | 114.0 | 3.1e+00 
  100 | 2.08e-03 5.78e-03 |  0.0000e+00  8.2042e-03 8.14e-03 | 116.6 | 7.8e-01 
  150 | 8.56e-04 1.43e-03 |  0.0000e+00  8.2483e-04 8.24e-04 | 119.1 | 3.9e-01 
  200 | 4.50e-04 5.24e-04 |  0.0000e+00  3.4460e-04 3.44e-04 | 121.6 | 7.8e-01 
  300 | 1.70e-04 2.17e-04 |  0.0000e+00  6.9636e-05 6.96e-05 | 126.7 | 7.8e-01 
  400 | 9.12e-05 1.13e-04 |  0.0000e+00  2.6737e-05 2.67e-05 | 131.8 | 7.8e-01 
  500 | 9.32e-05 6.63e-05 |  0.0000e+00  1.8378e-05 1.84e-05 | 136.9 | 1.6e+00 
  600 | 5.11e-05 5.58e-05 |  0.0000e+00  1.4372e-05 1.44e-05 | 141.9 | 1.6e+00 
  700 | 2.10e-05 3.72e-05 |  0.0000e+00  1.0379e-05 1.04e-05 | 147.0 | 7.8e-01 
  800 | 1.97e-05 2.13e-05 |  0.0000e+00  6.8652e-06 6.87e-06 | 152.1 | 1.6e+00 
  900 | 1.25e-05 1.72e-05 |  0.0000e+00  5.1381e-06 5.14e-06 | 157.2 | 3.9e-01 
 1000 | 1.67e-05 1.14e-05 |  0.0000e+00  4.2699e-06 4.27e-06 | 162.3 | 1.6e+00 
 1100 | 4.71e-06 1.36e-05 |  0.0000e+00  5.8072e-06 5.81e-06 | 167.4 | 3.9e-01 
 1200 | 1.17e-05 8.80e-06 |  0.0000e+00  4.6649e-06 4.66e-06 | 172.5 | 1.6e+00 
 1300 | 8.82e-06 7.80e-06 |  0.0000e+00  3.8189e-06 3.82e-06 | 177.5 | 7.8e-01 
 1400 | 1.95e-06 8.86e-06 |  0.0000e+00  3.2736e-06 3.27e-06 | 182.6 | 7.8e-01 
 1500 | 1.67e-05 6.18e-06 |  0.0000e+00  2.8550e-06 2.85e-06 | 187.7 | 3.1e+00 
 1600 | 1.06e-05 7.06e-06 |  0.0000e+00  3.3654e-06 3.37e-06 | 192.8 | 7.8e-01 
 1700 | 2.42e-06 7.61e-06 |  0.0000e+00  3.2611e-06 3.26e-06 | 197.9 | 7.8e-01 
 1800 | 1.27e-05 5.29e-06 |  0.0000e+00  2.3659e-06 2.37e-06 | 203.0 | 3.1e+00 
 1900 | 8.37e-06 5.50e-06 |  0.0000e+00  2.0404e-06 2.04e-06 | 208.1 | 7.8e-01 
 2000 | 1.35e-06 6.33e-06 |  0.0000e+00  1.7587e-06 1.76e-06 | 213.1 | 7.8e-01 
 2100 | 1.14e-05 4.49e-06 |  0.0000e+00  1.4399e-06 1.44e-06 | 218.2 | 3.1e+00 
 2200 | 9.24e-06 4.49e-06 |  0.0000e+00  1.9955e-06 2.00e-06 | 223.3 | 7.8e-01 
 2300 | 1.71e-06 5.78e-06 |  0.0000e+00  2.2242e-06 2.22e-06 | 228.4 | 7.8e-01 
 2400 | 9.18e-06 3.98e-06 |  0.0000e+00  1.5607e-06 1.56e-06 | 233.5 | 3.1e+00 
 2500 | 7.21e-06 3.83e-06 |  0.0000e+00  1.3258e-06 1.33e-06 | 238.5 | 7.8e-01 
 2600 | 8.83e-07 4.59e-06 |  0.0000e+00  1.1608e-06 1.16e-06 | 243.6 | 7.8e-01 
 2700 | 6.82e-06 3.38e-06 |  0.0000e+00  9.6083e-07 9.61e-07 | 248.7 | 3.1e+00 
 2800 | 6.27e-06 2.86e-06 |  0.0000e+00  1.1400e-06 1.14e-06 | 253.8 | 7.8e-01 
 2900 | 9.01e-07 4.61e-06 |  0.0000e+00  1.4933e-06 1.49e-06 | 258.9 | 3.9e-01 
 3000 | 3.23e-06 3.43e-06 |  0.0000e+00  1.2149e-06 1.21e-06 | 263.9 | 1.6e+00 
 3100 | 6.80e-06 2.52e-06 |  0.0000e+00  9.9805e-07 9.98e-07 | 269.0 | 1.6e+00 
 3200 | 2.72e-06 4.02e-06 |  0.0000e+00  9.6234e-07 9.62e-07 | 274.1 | 3.9e-01 
 3300 | 4.72e-07 3.42e-06 |  0.0000e+00  8.3896e-07 8.39e-07 | 279.1 | 7.8e-01 
 3400 | 5.05e-06 2.65e-06 |  0.0000e+00  7.0337e-07 7.03e-07 | 284.2 | 3.1e+00 
 3500 | 4.89e-06 2.20e-06 |  0.0000e+00  7.7618e-07 7.76e-07 | 289.3 | 7.8e-01 
 3600 | 7.33e-07 4.01e-06 |  0.0000e+00  1.0640e-06 1.06e-06 | 294.4 | 2.0e-01 
 3700 | 9.33e-07 3.07e-06 |  0.0000e+00  9.6675e-07 9.67e-07 | 299.4 | 7.8e-01 
 3800 | 4.99e-06 2.31e-06 |  0.0000e+00  7.7606e-07 7.76e-07 | 304.5 | 3.1e+00 
 3900 | 4.55e-06 2.07e-06 |  0.0000e+00  7.1762e-07 7.18e-07 | 309.6 | 7.8e-01 
 4000 | 5.62e-07 3.67e-06 |  0.0000e+00  6.5645e-07 6.56e-07 | 314.6 | 2.0e-01 
 4100 | 3.68e-07 2.58e-06 |  0.0000e+00  6.2659e-07 6.27e-07 | 319.7 | 7.8e-01 
 4200 | 3.55e-06 2.09e-06 |  0.0000e+00  5.4874e-07 5.49e-07 | 324.8 | 3.1e+00 
 4300 | 3.61e-06 1.69e-06 |  0.0000e+00  5.6356e-07 5.64e-07 | 329.9 | 7.8e-01 
 4400 | 8.75e-07 2.96e-06 |  0.0000e+00  7.4633e-07 7.46e-07 | 334.9 | 2.0e-01 
 4500 | 5.73e-07 2.41e-06 |  0.0000e+00  6.9894e-07 6.99e-07 | 340.0 | 7.8e-01 
 4600 | 3.73e-06 1.88e-06 |  0.0000e+00  5.9006e-07 5.90e-07 | 345.1 | 3.1e+00 
 4700 | 3.55e-06 1.62e-06 |  0.0000e+00  5.5693e-07 5.57e-07 | 350.1 | 7.8e-01 
 4800 | 9.65e-07 2.79e-06 |  0.0000e+00  5.5038e-07 5.50e-07 | 355.2 | 2.0e-01 
 4900 | 3.08e-07 2.12e-06 |  0.0000e+00  4.8200e-07 4.82e-07 | 360.3 | 7.8e-01 
 5000 | 2.81e-06 1.74e-06 |  0.0000e+00  4.3138e-07 4.31e-07 | 365.4 | 3.1e+00 
 5100 | 3.32e-06 1.37e-06 |  0.0000e+00  4.3109e-07 4.31e-07 | 370.4 | 1.6e+00 
 5200 | 3.14e-06 1.26e-06 |  0.0000e+00  4.5914e-07 4.59e-07 | 375.5 | 1.6e+00 
 5300 | 1.61e-06 1.62e-06 |  0.0000e+00  5.2377e-07 5.24e-07 | 380.6 | 7.8e-01 
 5400 | 5.72e-07 1.68e-06 |  0.0000e+00  5.2580e-07 5.26e-07 | 385.6 | 7.8e-01 
 5500 | 4.49e-07 1.59e-06 |  0.0000e+00  4.9663e-07 4.97e-07 | 390.7 | 7.8e-01 
 5600 | 7.74e-07 1.44e-06 |  0.0000e+00  4.7734e-07 4.77e-07 | 395.8 | 7.8e-01 
 5700 | 1.45e-06 1.28e-06 |  0.0000e+00  4.4884e-07 4.49e-07 | 400.8 | 1.6e+00 
 5800 | 1.89e-06 1.13e-06 |  0.0000e+00  4.2115e-07 4.21e-07 | 405.9 | 1.6e+00 
 5900 | 1.53e-06 1.19e-06 |  0.0000e+00  3.8804e-07 3.88e-07 | 411.0 | 7.8e-01 
 6000 | 7.88e-07 1.32e-06 |  0.0000e+00  3.6023e-07 3.60e-07 | 416.0 | 7.8e-01 
 6100 | 4.20e-07 1.31e-06 |  0.0000e+00  3.3366e-07 3.34e-07 | 421.1 | 7.8e-01 
 6200 | 5.14e-07 1.23e-06 |  0.0000e+00  3.2001e-07 3.20e-07 | 426.2 | 7.8e-01 
 6300 | 1.20e-06 1.10e-06 |  0.0000e+00  3.1185e-07 3.12e-07 | 431.2 | 1.6e+00 
 6400 | 1.57e-06 9.79e-07 |  0.0000e+00  3.1372e-07 3.14e-07 | 436.3 | 1.6e+00 
 6500 | 1.33e-06 9.94e-07 |  0.0000e+00  3.3878e-07 3.39e-07 | 441.4 | 7.8e-01 
 6600 | 8.77e-07 1.14e-06 |  0.0000e+00  3.5874e-07 3.59e-07 | 446.4 | 7.8e-01 
 6700 | 3.25e-07 1.18e-06 |  0.0000e+00  3.6492e-07 3.65e-07 | 451.5 | 7.8e-01 
 6800 | 4.36e-07 1.12e-06 |  0.0000e+00  3.5928e-07 3.59e-07 | 456.6 | 7.8e-01 
 6900 | 1.04e-06 1.02e-06 |  0.0000e+00  3.4099e-07 3.41e-07 | 461.7 | 1.6e+00 
 7000 | 1.44e-06 9.03e-07 |  0.0000e+00  3.2382e-07 3.24e-07 | 466.7 | 1.6e+00 
 7100 | 1.27e-06 8.90e-07 |  0.0000e+00  3.0572e-07 3.06e-07 | 471.8 | 7.8e-01 
 7200 | 7.71e-07 1.02e-06 |  0.0000e+00  2.8746e-07 2.87e-07 | 476.9 | 7.8e-01 
 7300 | 2.97e-07 1.19e-06 |  0.0000e+00  2.5475e-07 2.55e-07 | 481.9 | 3.9e-01 
 7400 | 1.49e-07 1.14e-06 |  0.0000e+00  2.4794e-07 2.48e-07 | 487.0 | 3.9e-01 
 7500 | 3.68e-07 1.07e-06 |  0.0000e+00  2.4154e-07 2.42e-07 | 492.1 | 7.8e-01 
 7600 | 6.06e-07 9.67e-07 |  0.0000e+00  2.3967e-07 2.40e-07 | 497.1 | 7.8e-01 
 7700 | 1.07e-06 8.75e-07 |  0.0000e+00  2.3855e-07 2.39e-07 | 502.2 | 1.6e+00 
 7800 | 1.32e-06 7.89e-07 |  0.0000e+00  2.4287e-07 2.43e-07 | 507.3 | 1.6e+00 
 7900 | 1.16e-06 7.99e-07 |  0.0000e+00  2.6376e-07 2.64e-07 | 512.4 | 7.8e-01 
 8000 | 7.53e-07 9.22e-07 |  0.0000e+00  2.8062e-07 2.81e-07 | 517.4 | 7.8e-01 
 8100 | 2.55e-07 1.03e-06 |  0.0000e+00  2.9587e-07 2.96e-07 | 522.5 | 3.9e-01 
 8200 | 1.37e-07 1.02e-06 |  0.0000e+00  2.9478e-07 2.95e-07 | 527.5 | 3.9e-01 
 8300 | 3.71e-07 9.49e-07 |  0.0000e+00  2.8286e-07 2.83e-07 | 532.6 | 7.8e-01 
 8400 | 5.49e-07 8.63e-07 |  0.0000e+00  2.7398e-07 2.74e-07 | 537.7 | 7.8e-01 
 8500 | 8.55e-07 7.94e-07 |  0.0000e+00  2.6198e-07 2.62e-07 | 542.7 | 1.6e+00 
 8600 | 1.06e-06 7.28e-07 |  0.0000e+00  2.5030e-07 2.50e-07 | 547.8 | 1.6e+00 
 8700 | 9.56e-07 7.24e-07 |  0.0000e+00  2.3612e-07 2.36e-07 | 552.9 | 7.8e-01 
 8800 | 6.39e-07 8.02e-07 |  0.0000e+00  2.2205e-07 2.22e-07 | 557.9 | 7.8e-01 
 8900 | 3.64e-07 9.18e-07 |  0.0000e+00  1.9863e-07 1.99e-07 | 563.0 | 3.9e-01 
 9000 | 1.15e-07 9.06e-07 |  0.0000e+00  1.9449e-07 1.94e-07 | 568.1 | 3.9e-01 
 9100 | 2.21e-07 8.59e-07 |  0.0000e+00  1.9045e-07 1.90e-07 | 573.1 | 7.8e-01 
 9200 | 3.79e-07 8.01e-07 |  0.0000e+00  1.8742e-07 1.87e-07 | 578.2 | 7.8e-01 
 9300 | 7.67e-07 7.37e-07 |  0.0000e+00  1.8426e-07 1.84e-07 | 583.3 | 1.6e+00 
 9400 | 1.02e-06 6.68e-07 |  0.0000e+00  1.8466e-07 1.85e-07 | 588.3 | 1.6e+00 
 9500 | 1.10e-06 6.24e-07 |  0.0000e+00  1.8886e-07 1.89e-07 | 593.4 | 1.6e+00 
 9600 | 1.03e-06 6.16e-07 |  0.0000e+00  1.9455e-07 1.95e-07 | 598.5 | 1.6e+00 
 9700 | 7.87e-07 7.02e-07 |  0.0000e+00  2.0924e-07 2.09e-07 | 603.5 | 7.8e-01 
 9800 | 3.63e-07 7.43e-07 |  0.0000e+00  2.1799e-07 2.18e-07 | 608.6 | 7.8e-01 
 9900 | 3.44e-07 7.16e-07 |  0.0000e+00  2.0931e-07 2.09e-07 | 613.7 | 1.6e+00 
 10000 | 5.54e-07 6.71e-07 |  0.0000e+00  2.0231e-07 2.02e-07 | 618.8 | 1.6e+00 
 10100 | 1.14e-06 6.15e-07 |  0.0000e+00  1.8992e-07 1.90e-07 | 623.8 | 3.1e+00 
 10200 | 1.54e-06 5.58e-07 |  0.0000e+00  1.7849e-07 1.78e-07 | 628.9 | 3.1e+00 
 10300 | 1.65e-06 5.22e-07 |  0.0000e+00  1.6811e-07 1.68e-07 | 633.9 | 3.1e+00 
 10400 | 1.54e-06 5.08e-07 |  0.0000e+00  1.5909e-07 1.59e-07 | 639.0 | 3.1e+00 
 10500 | 1.29e-06 5.07e-07 |  0.0000e+00  1.5076e-07 1.51e-07 | 644.0 | 3.1e+00 
 10600 | 9.85e-07 5.07e-07 |  0.0000e+00  1.4223e-07 1.42e-07 | 649.1 | 3.1e+00 
 10700 | 7.64e-07 5.00e-07 |  0.0000e+00  1.3336e-07 1.33e-07 | 654.2 | 3.1e+00 
 10800 | 7.39e-07 4.83e-07 |  0.0000e+00  1.2438e-07 1.24e-07 | 659.2 | 3.1e+00 
 10900 | 8.46e-07 4.58e-07 |  0.0000e+00  1.1625e-07 1.16e-07 | 664.3 | 3.1e+00 
 11000 | 9.35e-07 4.35e-07 |  0.0000e+00  1.0951e-07 1.10e-07 | 669.3 | 3.1e+00 
 11100 | 8.68e-07 4.31e-07 |  0.0000e+00  1.0418e-07 1.04e-07 | 674.4 | 1.6e+00 
 11200 | 7.22e-07 4.46e-07 |  0.0000e+00  1.0120e-07 1.01e-07 | 679.4 | 1.6e+00 
 11300 | 5.45e-07 4.62e-07 |  0.0000e+00  1.0021e-07 1.00e-07 | 684.5 | 1.6e+00 
 11400 | 3.99e-07 4.58e-07 |  0.0000e+00  1.0135e-07 1.01e-07 | 689.6 | 1.6e+00 
 11500 | 3.86e-07 4.48e-07 |  0.0000e+00  1.0265e-07 1.03e-07 | 694.6 | 1.6e+00 
 11600 | 4.47e-07 4.28e-07 |  0.0000e+00  1.0460e-07 1.05e-07 | 699.7 | 1.6e+00 
 11700 | 5.31e-07 4.04e-07 |  0.0000e+00  1.0654e-07 1.07e-07 | 704.7 | 1.6e+00 
 11800 | 5.79e-07 3.84e-07 |  0.0000e+00  1.0873e-07 1.09e-07 | 709.8 | 1.6e+00 
 11900 | 5.78e-07 3.74e-07 |  0.0000e+00  1.1037e-07 1.10e-07 | 714.8 | 1.6e+00 
 12000 | 5.29e-07 3.74e-07 |  0.0000e+00  1.1100e-07 1.11e-07 | 719.9 | 1.6e+00 
 12100 | 3.63e-07 4.11e-07 |  0.0000e+00  1.1289e-07 1.13e-07 | 725.0 | 7.8e-01 
 12200 | 2.73e-07 4.14e-07 |  0.0000e+00  1.1220e-07 1.12e-07 | 730.0 | 7.8e-01 
 12300 | 1.97e-07 4.22e-07 |  0.0000e+00  1.0922e-07 1.09e-07 | 735.1 | 7.8e-01 
 12400 | 1.42e-07 4.20e-07 |  0.0000e+00  1.0594e-07 1.06e-07 | 740.1 | 7.8e-01 
 12500 | 1.63e-07 4.08e-07 |  0.0000e+00  1.0301e-07 1.03e-07 | 745.2 | 7.8e-01 
 12600 | 1.88e-07 3.95e-07 |  0.0000e+00  9.9960e-08 1.00e-07 | 750.3 | 7.8e-01 
 12700 | 2.12e-07 3.80e-07 |  0.0000e+00  9.7074e-08 9.71e-08 | 755.3 | 7.8e-01 
 12800 | 2.32e-07 3.65e-07 |  0.0000e+00  9.4603e-08 9.46e-08 | 760.4 | 7.8e-01 
 12900 | 2.42e-07 3.53e-07 |  0.0000e+00  9.2298e-08 9.23e-08 | 765.4 | 7.8e-01 
 13000 | 2.38e-07 3.46e-07 |  0.0000e+00  9.0336e-08 9.03e-08 | 770.5 | 7.8e-01 
 13100 | 2.48e-07 3.39e-07 |  0.0000e+00  8.8622e-08 8.86e-08 | 775.6 | 1.6e+00 
 13200 | 2.65e-07 3.31e-07 |  0.0000e+00  8.7359e-08 8.74e-08 | 780.6 | 1.6e+00 
 13300 | 2.79e-07 3.23e-07 |  0.0000e+00  8.6490e-08 8.65e-08 | 785.7 | 1.6e+00 
 13400 | 2.82e-07 3.17e-07 |  0.0000e+00  8.5962e-08 8.60e-08 | 790.7 | 1.6e+00 
 13500 | 2.74e-07 3.13e-07 |  0.0000e+00  8.5666e-08 8.57e-08 | 795.8 | 1.6e+00 
 13600 | 2.56e-07 3.10e-07 |  0.0000e+00  8.5427e-08 8.54e-08 | 800.8 | 1.6e+00 
 13700 | 2.34e-07 3.08e-07 |  0.0000e+00  8.5089e-08 8.51e-08 | 805.9 | 1.6e+00 
 13800 | 2.15e-07 3.05e-07 |  0.0000e+00  8.4557e-08 8.46e-08 | 811.0 | 1.6e+00 
 13900 | 2.05e-07 3.02e-07 |  0.0000e+00  8.3781e-08 8.38e-08 | 816.0 | 1.6e+00 
 14000 | 2.06e-07 2.98e-07 |  0.0000e+00  8.2754e-08 8.28e-08 | 821.1 | 1.6e+00 
 14100 | 2.62e-07 2.90e-07 |  0.0000e+00  8.0547e-08 8.05e-08 | 826.1 | 3.1e+00 
 14200 | 3.17e-07 2.81e-07 |  0.0000e+00  7.8109e-08 7.81e-08 | 831.2 | 3.1e+00 
 14300 | 3.59e-07 2.73e-07 |  0.0000e+00  7.5655e-08 7.57e-08 | 836.2 | 3.1e+00 
 14400 | 3.78e-07 2.66e-07 |  0.0000e+00  7.3225e-08 7.32e-08 | 841.3 | 3.1e+00 
 14500 | 3.72e-07 2.60e-07 |  0.0000e+00  7.0856e-08 7.09e-08 | 846.4 | 3.1e+00 
 14600 | 3.45e-07 2.55e-07 |  0.0000e+00  6.8573e-08 6.86e-08 | 851.4 | 3.1e+00 
 14700 | 3.07e-07 2.51e-07 |  0.0000e+00  6.6391e-08 6.64e-08 | 856.5 | 3.1e+00 
 14800 | 2.68e-07 2.46e-07 |  0.0000e+00  6.4330e-08 6.43e-08 | 861.5 | 3.1e+00 
 14900 | 2.41e-07 2.42e-07 |  0.0000e+00  6.2410e-08 6.24e-08 | 866.6 | 3.1e+00 
 15000 | 2.34e-07 2.37e-07 |  0.0000e+00  6.0653e-08 6.07e-08 | 871.6 | 3.1e+00 
 15100 | 2.21e-07 2.34e-07 |  0.0000e+00  5.9431e-08 5.94e-08 | 876.7 | 1.6e+00 
 15200 | 2.08e-07 2.32e-07 |  0.0000e+00  5.8492e-08 5.85e-08 | 881.7 | 1.6e+00 
 15300 | 1.90e-07 2.31e-07 |  0.0000e+00  5.7694e-08 5.77e-08 | 886.8 | 1.6e+00 
 15400 | 1.68e-07 2.31e-07 |  0.0000e+00  5.7044e-08 5.70e-08 | 891.8 | 1.6e+00 
 15500 | 1.46e-07 2.30e-07 |  0.0000e+00  5.6517e-08 5.65e-08 | 896.9 | 1.6e+00 
 15600 | 1.32e-07 2.28e-07 |  0.0000e+00  5.6083e-08 5.61e-08 | 902.0 | 1.6e+00 
 15700 | 1.30e-07 2.25e-07 |  0.0000e+00  5.5702e-08 5.57e-08 | 907.0 | 1.6e+00 
 15800 | 1.38e-07 2.22e-07 |  0.0000e+00  5.5340e-08 5.53e-08 | 912.1 | 1.6e+00 
 15900 | 1.52e-07 2.18e-07 |  0.0000e+00  5.4970e-08 5.50e-08 | 917.1 | 1.6e+00 
 16000 | 1.65e-07 2.14e-07 |  0.0000e+00  5.4572e-08 5.46e-08 | 922.2 | 1.6e+00 
 16100 | 2.05e-07 2.10e-07 |  0.0000e+00  5.3545e-08 5.35e-08 | 927.2 | 3.1e+00 
 16200 | 2.33e-07 2.05e-07 |  0.0000e+00  5.2439e-08 5.24e-08 | 932.3 | 3.1e+00 
 16300 | 2.53e-07 2.00e-07 |  0.0000e+00  5.1339e-08 5.13e-08 | 937.3 | 3.1e+00 
 16400 | 2.62e-07 1.95e-07 |  0.0000e+00  5.0236e-08 5.02e-08 | 942.4 | 3.1e+00 
 16500 | 2.62e-07 1.92e-07 |  0.0000e+00  4.9126e-08 4.91e-08 | 947.4 | 3.1e+00 
 16600 | 2.53e-07 1.89e-07 |  0.0000e+00  4.8008e-08 4.80e-08 | 952.5 | 3.1e+00 
 16700 | 2.39e-07 1.86e-07 |  0.0000e+00  4.6886e-08 4.69e-08 | 957.5 | 3.1e+00 
 16800 | 2.24e-07 1.83e-07 |  0.0000e+00  4.5773e-08 4.58e-08 | 962.6 | 3.1e+00 
 16900 | 2.10e-07 1.80e-07 |  0.0000e+00  4.4683e-08 4.47e-08 | 967.6 | 3.1e+00 
 17000 | 1.99e-07 1.77e-07 |  0.0000e+00  4.3633e-08 4.36e-08 | 972.7 | 3.1e+00 
 17100 | 1.86e-07 1.76e-07 |  0.0000e+00  4.2789e-08 4.28e-08 | 977.8 | 1.6e+00 
 17200 | 1.72e-07 1.76e-07 |  0.0000e+00  4.2092e-08 4.21e-08 | 982.8 | 1.6e+00 
 17300 | 1.44e-07 1.76e-07 |  0.0000e+00  4.1541e-08 4.15e-08 | 987.9 | 1.6e+00 
 17400 | 1.23e-07 1.76e-07 |  0.0000e+00  4.0875e-08 4.09e-08 | 993.0 | 1.6e+00 
 17500 | 9.48e-08 1.76e-07 |  0.0000e+00  4.0323e-08 4.03e-08 | 998.0 | 1.6e+00 
 17600 | 7.82e-08 1.75e-07 |  0.0000e+00  4.0003e-08 4.00e-08 | 1003.1 | 1.6e+00 
 17700 | 7.40e-08 1.73e-07 |  0.0000e+00  3.9786e-08 3.98e-08 | 1008.2 | 1.6e+00 
 17800 | 7.78e-08 1.71e-07 |  0.0000e+00  3.9685e-08 3.97e-08 | 1013.2 | 1.6e+00 
 17900 | 8.76e-08 1.69e-07 |  0.0000e+00  3.9649e-08 3.96e-08 | 1018.3 | 1.6e+00 
 18000 | 1.01e-07 1.66e-07 |  0.0000e+00  3.9630e-08 3.96e-08 | 1023.3 | 1.6e+00 
 18100 | 1.44e-07 1.63e-07 |  0.0000e+00  3.9125e-08 3.91e-08 | 1028.4 | 3.1e+00 
 18200 | 1.73e-07 1.59e-07 |  0.0000e+00  3.8567e-08 3.86e-08 | 1033.4 | 3.1e+00 
 18300 | 1.97e-07 1.55e-07 |  0.0000e+00  3.8036e-08 3.80e-08 | 1038.5 | 3.1e+00 
 18400 | 2.15e-07 1.52e-07 |  0.0000e+00  3.7525e-08 3.75e-08 | 1043.5 | 3.1e+00 
 18500 | 2.25e-07 1.49e-07 |  0.0000e+00  3.7021e-08 3.70e-08 | 1048.6 | 3.1e+00 
 18600 | 2.27e-07 1.47e-07 |  0.0000e+00  3.6503e-08 3.65e-08 | 1053.7 | 3.1e+00 
 18700 | 2.22e-07 1.45e-07 |  0.0000e+00  3.5955e-08 3.60e-08 | 1058.7 | 3.1e+00 
 18800 | 2.12e-07 1.43e-07 |  0.0000e+00  3.5365e-08 3.54e-08 | 1063.8 | 3.1e+00 
 18900 | 1.97e-07 1.42e-07 |  0.0000e+00  3.4733e-08 3.47e-08 | 1068.8 | 3.1e+00 
 19000 | 1.81e-07 1.40e-07 |  0.0000e+00  3.4060e-08 3.41e-08 | 1073.9 | 3.1e+00 
 19100 | 1.69e-07 1.41e-07 |  0.0000e+00  3.3450e-08 3.34e-08 | 1078.9 | 1.6e+00 
 19200 | 1.55e-07 1.41e-07 |  0.0000e+00  3.2858e-08 3.29e-08 | 1084.0 | 1.6e+00 
 19300 | 1.39e-07 1.42e-07 |  0.0000e+00  3.2262e-08 3.23e-08 | 1089.1 | 1.6e+00 
 19400 | 1.10e-07 1.43e-07 |  0.0000e+00  3.1713e-08 3.17e-08 | 1094.1 | 1.6e+00 
 19500 | 8.01e-08 1.43e-07 |  0.0000e+00  3.1357e-08 3.14e-08 | 1099.2 | 1.6e+00 
 19600 | 7.53e-08 1.41e-07 |  0.0000e+00  3.0814e-08 3.08e-08 | 1104.2 | 1.6e+00 
 19700 | 8.05e-08 1.40e-07 |  0.0000e+00  3.0338e-08 3.03e-08 | 1109.3 | 1.6e+00 
 19800 | 8.82e-08 1.38e-07 |  0.0000e+00  2.9950e-08 3.00e-08 | 1114.3 | 1.6e+00 
 19900 | 9.58e-08 1.36e-07 |  0.0000e+00  2.9613e-08 2.96e-08 | 1119.4 | 1.6e+00 
 20000 | 1.02e-07 1.34e-07 |  0.0000e+00  2.9325e-08 2.93e-08 | 1124.5 | 1.6e+00 
 20100 | 1.20e-07 1.31e-07 |  0.0000e+00  2.8910e-08 2.89e-08 | 1129.5 | 3.1e+00 
 20200 | 1.35e-07 1.29e-07 |  0.0000e+00  2.8501e-08 2.85e-08 | 1134.6 | 3.1e+00 
 20300 | 1.49e-07 1.26e-07 |  0.0000e+00  2.8115e-08 2.81e-08 | 1139.6 | 3.1e+00 
 20400 | 1.61e-07 1.24e-07 |  0.0000e+00  2.7780e-08 2.78e-08 | 1144.7 | 3.1e+00 
 20500 | 1.69e-07 1.22e-07 |  0.0000e+00  2.7502e-08 2.75e-08 | 1149.7 | 3.1e+00 
 20600 | 1.74e-07 1.20e-07 |  0.0000e+00  2.7267e-08 2.73e-08 | 1154.8 | 3.1e+00 
 20700 | 1.77e-07 1.18e-07 |  0.0000e+00  2.7045e-08 2.70e-08 | 1159.8 | 3.1e+00 
 20800 | 1.76e-07 1.16e-07 |  0.0000e+00  2.6810e-08 2.68e-08 | 1164.9 | 3.1e+00 
 20900 | 1.74e-07 1.15e-07 |  0.0000e+00  2.6544e-08 2.65e-08 | 1169.9 | 3.1e+00 
 21000 | 1.70e-07 1.14e-07 |  0.0000e+00  2.6243e-08 2.62e-08 | 1175.0 | 3.1e+00 
 21100 | 1.62e-07 1.13e-07 |  0.0000e+00  2.6090e-08 2.61e-08 | 1180.1 | 1.6e+00 
 21200 | 1.54e-07 1.14e-07 |  0.0000e+00  2.5948e-08 2.59e-08 | 1185.1 | 1.6e+00 
 21300 | 1.44e-07 1.15e-07 |  0.0000e+00  2.5771e-08 2.58e-08 | 1190.2 | 1.6e+00 
 21400 | 1.14e-07 1.16e-07 |  0.0000e+00  2.5674e-08 2.57e-08 | 1195.2 | 1.6e+00 
 21500 | 1.00e-07 1.16e-07 |  0.0000e+00  2.5390e-08 2.54e-08 | 1200.3 | 1.6e+00 
 21600 | 7.97e-08 1.15e-07 |  0.0000e+00  2.5154e-08 2.52e-08 | 1205.3 | 1.6e+00 
 21700 | 7.67e-08 1.15e-07 |  0.0000e+00  2.4875e-08 2.49e-08 | 1210.4 | 1.6e+00 
 21800 | 7.56e-08 1.14e-07 |  0.0000e+00  2.4668e-08 2.47e-08 | 1215.5 | 1.6e+00 
 21900 | 6.97e-08 1.13e-07 |  0.0000e+00  2.4448e-08 2.44e-08 | 1220.5 | 1.6e+00 
 22000 | 6.44e-08 1.12e-07 |  0.0000e+00  2.4295e-08 2.43e-08 | 1225.6 | 1.6e+00 
